45 0.540625 0.3 0.12575397608028147 0.13333333333333333
7 0.746875 0.32 0.1172670563287064 0.13333333333333333
32 0.425 0.13166666666666665 0.10977249200050075 0.12666666666666668
32 0.333125 0.3525 0.10719433287259174 0.12166666666666667
18 0.626875 0.4816666666666667 0.10915155747858113 0.12666666666666668
30 0.734375 0.6275 0.0990738361021718 0.115
5 0.11125 0.52 0.11510864433221338 0.12666666666666668
4 0.576875 0.9216666666666666 0.1185920001517809 0.13333333333333333
45 0.596875 0.06333333333333334 0.1172670563287064 0.12666666666666668
18 0.493125 0.6708333333333333 0.10806537373275493 0.125
47 0.76125 0.9075 0.113033457436283 0.13166666666666665
4 0.668125 0.6925 0.10933034802834939 0.125
5 0.278125 0.3875 0.11753988684697633 0.13166666666666665
27 0.295625 0.6833333333333333 0.1185920001517809 0.13333333333333333
47 0.90875 0.7441666666666666 0.1151697117301246 0.13833333333333334
27 0.43 0.5 0.11792476415070756 0.13333333333333333
7 0.820625 0.09083333333333334 0.11753988684697633 0.13166666666666665
30 0.85375 0.4275 0.10311552986820172 0.11833333333333333
