23 0.56875 0.98 0.07386643351347079 0.04
10 0.01875 0.9816666666666667 0.046502688094345684 0.03666666666666667
13 0.385625 0.25083333333333335 0.11490485194281398 0.13166666666666665
41 0.54 0.035833333333333335 0.08243368546898773 0.07166666666666667
10 0.1475 0.8325 0.10527493766324442 0.12166666666666667
19 0.88625 0.825 0.10621322893124001 0.12666666666666668
21 0.489375 0.49666666666666665 0.13105938539456072 0.14666666666666667
50 0.154375 0.4325 0.1119849320221252 0.125
51 0.348125 0.73 0.12415338295833907 0.14
41 0.44125 0.2175 0.10869251354164186 0.125
31 0.853125 0.6133333333333333 0.11598087126763619 0.13333333333333333
50 0.0825 0.675 0.1110180165558726 0.12
36 0.69375 0.15166666666666667 0.10761621625015443 0.12333333333333334
51 0.2375 0.9375 0.10869251354164186 0.125
21 0.670625 0.40166666666666667 0.12831236300528487 0.14
13 0.218125 0.36833333333333335 0.113033457436283 0.12666666666666668
1 0.85625 0.4716666666666667 0.11371565415544159 0.12666666666666668
1 0.939375 0.24166666666666667 0.11514257466289347 0.13
