45 0.4593749999999999 0.7 0.07625000000000004 0.1333333333333333
7 0.25312500000000004 0.6799999999999999 0.06125000000000003 0.1333333333333333
32 0.5750000000000001 0.8683333333333333 0.05499999999999994 0.1266666666666667
32 0.666875 0.6475 0.05625000000000013 0.1216666666666667
18 0.37312500000000004 0.5183333333333333 0.053749999999999964 0.1266666666666667
30 0.26562500000000006 0.37250000000000005 0.04874999999999996 0.11499999999999999
5 0.8887499999999999 0.48 0.06500000000000006 0.1266666666666667
4 0.423125 0.07833333333333337 0.06374999999999997 0.1333333333333333
45 0.403125 0.9366666666666666 0.06874999999999998 0.1266666666666667
18 0.506875 0.3291666666666667 0.053749999999999964 0.125
47 0.23874999999999996 0.09249999999999997 0.05500000000000005 0.1316666666666667
4 0.331875 0.3075 0.05625000000000002 0.125
5 0.7218749999999999 0.6125 0.06374999999999997 0.1316666666666667
27 0.704375 0.31666666666666665 0.06374999999999997 0.1333333333333333
47 0.09125000000000005 0.2558333333333334 0.050000000000000044 0.1383333333333333
27 0.5700000000000001 0.5 0.0625 0.1333333333333333
7 0.17937499999999995 0.9091666666666667 0.06374999999999997 0.1316666666666667
30 0.14625 0.5725 0.05249999999999999 0.11833333333333329
