0 0.49125 0.39916666666666667 0.0986550176118782 0.12166666666666667
44 0.703125 0.395 0.09798756298633006 0.12
29 0.7125 0.7475 0.09281197390423285 0.11166666666666666
38 0.08125 0.7641666666666667 0.09840128302009075 0.11833333333333333
33 0.08125 0.4008333333333333 0.09963213587994588 0.12166666666666667
26 0.280625 0.395 0.09673578706972927 0.11666666666666667
16 0.28375 0.7525 0.09963213587994588 0.12166666666666667
3 0.495625 0.7491666666666666 0.10242375212810748 0.125
0 0.62 0.21 0.09620940702446928 0.11666666666666667
16 0.4175 0.5633333333333334 0.09848857801796104 0.12
38 0.21125 0.565 0.09953014618697191 0.12
3 0.621875 0.5575 0.10242375212810748 0.125
29 0.839375 0.5566666666666666 0.10232454495378907 0.12333333333333334
33 0.215 0.21333333333333335 0.09848857801796104 0.12
44 0.834375 0.20833333333333334 0.10028864591767105 0.12333333333333334
26 0.41625 0.21333333333333335 0.10179636535751166 0.12333333333333334
