33 0.585 0.6966666666666667 0.12219349409849936 0.14
38 0.69375 0.26666666666666666 0.11163556780883054 0.12333333333333334
9 0.675 0.024166666666666666 0.08105746418436738 0.04833333333333333
0 0.424375 0.735 0.10677809934626108 0.12666666666666668
38 0.75875 0.045 0.09370832406995656 0.09
9 0.53125 0.14416666666666667 0.1006618721264412 0.11833333333333333
16 0.93375 0.5033333333333333 0.11510864433221338 0.12666666666666668
44 0.48625 0.24333333333333335 0.1039831717154271 0.12333333333333334
2 0.2175 0.6058333333333333 0.10869251354164186 0.125
42 0.455 0.6391666666666667 0.10186541365939668 0.11833333333333333
3 0.05125 0.5016666666666667 0.1107361729517505 0.13
0 0.318125 0.9425 0.10032758842910558 0.115
2 0.38375 0.45666666666666667 0.11104616157256406 0.12666666666666668
26 0.714375 0.9316666666666666 0.12278665440511033 0.13333333333333333
42 0.56625 0.42916666666666664 0.09950659525880684 0.11833333333333333
14 0.785625 0.4575 0.116202947466921 0.13166666666666665
29 0.300625 0.21416666666666667 0.0933575117491892 0.11166666666666666
29 0.428125 0.04666666666666667 0.08389912097274918 0.09333333333333334
16 0.85875 0.735 0.11535271995059328 0.13333333333333333
3 0.208125 0.3491666666666667 0.1102412128017467 0.12833333333333333
14 0.883125 0.23333333333333334 0.11383238774619463 0.13
33 0.521875 0.9375 0.11479601473918857 0.125
