12 0.21375 0.3633333333333333 0.04250000000000001 0.1233333333333333
24 0.41625 0.37749999999999995 0.03999999999999998 0.125
46 0.42125 0.7108333333333333 0.04249999999999998 0.1183333333333334
34 0.60375 0.3716666666666667 0.040000000000000036 0.1166666666666667
14 0.9375 0.5425 0.040000000000000036 0.12166666666666659
12 0.35375 0.5458333333333334 0.04249999999999998 0.125
43 0.6112499999999998 0.7008333333333333 0.03749999999999998 0.125
15 0.359375 0.8858333333333334 0.036250000000000004 0.125
6 0.9368749999999999 0.8875 0.03874999999999995 0.11166666666666669
46 0.555625 0.9008333333333334 0.04125000000000001 0.1150000000000001
14 0.79625 0.3575000000000001 0.040000000000000036 0.11833333333333329
15 0.22750000000000004 0.7058333333333333 0.04000000000000001 0.12166666666666659
43 0.7425 0.8825000000000001 0.040000000000000036 0.1283333333333333
34 0.7418749999999998 0.5575 0.03874999999999995 0.11499999999999999
6 0.8087499999999999 0.6933333333333334 0.03749999999999998 0.10999999999999988
24 0.55375 0.5625 0.040000000000000036 0.11833333333333329
