40 0.413125 0.33999999999999997 0.03874999999999995 0.1233333333333333
13 0.84125 0.31416666666666676 0.039999999999999925 0.11833333333333329
28 0.29937499999999995 0.8775 0.04125000000000001 0.1216666666666667
21 0.213125 0.30583333333333323 0.04125000000000001 0.1216666666666667
10 0.838125 0.6875 0.043749999999999956 0.11499999999999999
28 0.43125 0.6933333333333334 0.040000000000000036 0.1166666666666667
51 0.21875 0.6966666666666667 0.040000000000000036 0.11999999999999988
23 0.5018750000000001 0.8841666666666667 0.0412499999999999 0.125
23 0.6318750000000001 0.6975 0.04125000000000001 0.11833333333333329
10 0.6975 0.8775000000000001 0.04249999999999998 0.11499999999999999
40 0.291875 0.54 0.04125000000000001 0.12
13 0.7175 0.5166666666666666 0.040000000000000036 0.1233333333333334
50 0.6287499999999999 0.3383333333333334 0.04249999999999998 0.11333333333333329
51 0.09125000000000005 0.8775 0.040000000000000036 0.125
21 0.08187500000000003 0.4966666666666667 0.04125000000000001 0.11999999999999988
50 0.5081249999999999 0.5449999999999999 0.03874999999999995 0.11666666666666659
