39 0.41374999999999995 0.5208333333333334 0.050000000000000044 0.1316666666666666
48 0.47 0.35750000000000004 0.040000000000000036 0.11499999999999999
6 0.073125 0.7333333333333334 0.04875000000000007 0.1166666666666667
34 0.16312499999999996 0.03249999999999997 0.06374999999999997 0.06499999999999995
17 0.6499999999999999 0.3633333333333333 0.04749999999999999 0.1266666666666667
39 0.280625 0.3391666666666666 0.043749999999999956 0.125
22 0.90125 0.3566666666666667 0.04249999999999998 0.1166666666666667
49 0.7075 0.12 0.04500000000000004 0.1333333333333333
34 0.24 0.2466666666666667 0.05750000000000011 0.1266666666666667
35 0.08812500000000001 0.3475000000000001 0.04875000000000007 0.1283333333333333
6 0.22562499999999996 0.8983333333333333 0.04875000000000007 0.1166666666666667
25 0.30437499999999995 0.6908333333333334 0.04125000000000001 0.125
8 0.7112500000000002 0.6966666666666667 0.04500000000000004 0.11999999999999988
20 0.63125 0.8391666666666666 0.04249999999999998 0.125
20 0.505 0.6466666666666667 0.040000000000000036 0.1266666666666666
49 0.833125 0.31666666666666665 0.04125000000000001 0.1233333333333333
46 0.540625 0.04833333333333334 0.06125000000000003 0.09666666666666668
35 0.22000000000000003 0.5349999999999999 0.04999999999999993 0.1333333333333333
12 0.36187499999999995 0.06416666666666676 0.07624999999999993 0.1283333333333333
8 0.855 0.8591666666666666 0.04249999999999998 0.1216666666666667
46 0.615625 0.26749999999999996 0.06125000000000003 0.125
17 0.78125 0.5491666666666667 0.04500000000000004 0.125
25 0.425 0.8908333333333334 0.039999999999999925 0.125
12 0.42687500000000006 0.30416666666666664 0.06874999999999998 0.1316666666666667
