12 0.78625 0.6366666666666667 0.04249999999999998 0.1233333333333333
24 0.58375 0.6225 0.040000000000000036 0.125
46 0.57875 0.2891666666666667 0.04249999999999998 0.11833333333333332
34 0.39625 0.6283333333333333 0.040000000000000036 0.1166666666666667
14 0.0625 0.4575 0.040000000000000036 0.12166666666666665
12 0.64625 0.4541666666666666 0.04249999999999998 0.12499999999999994
43 0.3887500000000001 0.2991666666666667 0.03749999999999998 0.125
15 0.640625 0.11416666666666667 0.03624999999999989 0.125
6 0.06312500000000004 0.1125 0.03874999999999995 0.11166666666666666
46 0.44437499999999996 0.09916666666666667 0.04125000000000001 0.11500000000000002
14 0.20375 0.6424999999999998 0.040000000000000036 0.11833333333333329
15 0.7725 0.2941666666666667 0.040000000000000036 0.12166666666666665
43 0.25749999999999995 0.1175 0.040000000000000036 0.1283333333333333
34 0.2581250000000001 0.4425 0.03874999999999995 0.11499999999999999
6 0.1912500000000001 0.30666666666666664 0.03749999999999998 0.10999999999999999
24 0.44625000000000004 0.4375 0.040000000000000036 0.11833333333333335
