45 0.5406250000000001 0.30000000000000004 0.07625000000000004 0.1333333333333333
7 0.746875 0.32000000000000006 0.06125000000000003 0.1333333333333333
32 0.42499999999999993 0.1316666666666667 0.05499999999999999 0.1266666666666667
32 0.333125 0.3525 0.05625000000000002 0.1216666666666667
18 0.626875 0.4816666666666667 0.053749999999999964 0.1266666666666667
30 0.734375 0.6275 0.04874999999999996 0.11499999999999999
5 0.11124999999999999 0.52 0.06499999999999999 0.1266666666666667
4 0.576875 0.9216666666666666 0.06374999999999997 0.1333333333333333
45 0.596875 0.06333333333333335 0.06874999999999998 0.1266666666666667
18 0.49312500000000004 0.6708333333333333 0.05375000000000002 0.125
47 0.76125 0.9075 0.05500000000000005 0.1316666666666667
4 0.6681250000000001 0.6925 0.05625000000000002 0.125
5 0.27812500000000007 0.3875 0.06375000000000003 0.1316666666666667
27 0.295625 0.6833333333333333 0.06374999999999997 0.1333333333333333
47 0.90875 0.7441666666666666 0.050000000000000044 0.1383333333333333
27 0.43 0.5 0.0625 0.1333333333333333
7 0.820625 0.09083333333333338 0.06374999999999997 0.1316666666666667
30 0.85375 0.42750000000000005 0.05249999999999999 0.11833333333333329
