0 0.50875 0.39916666666666667 0.03749999999999998 0.12166666666666659
44 0.29687500000000006 0.395 0.03874999999999995 0.1200000000000001
29 0.2875 0.7475 0.040000000000000036 0.11166666666666669
38 0.91875 0.7641666666666667 0.04249999999999998 0.11833333333333329
33 0.91875 0.4008333333333333 0.040000000000000036 0.1216666666666667
26 0.719375 0.395 0.04125000000000001 0.1166666666666667
16 0.71625 0.7525 0.040000000000000036 0.1216666666666667
3 0.504375 0.7491666666666666 0.04125000000000001 0.125
0 0.38 0.20999999999999996 0.040000000000000036 0.1166666666666667
16 0.5825 0.5633333333333335 0.040000000000000036 0.12
38 0.7887500000000001 0.565 0.04250000000000009 0.12
3 0.37812500000000004 0.5575 0.04125000000000001 0.125
29 0.16062500000000002 0.5566666666666666 0.043749999999999956 0.1233333333333333
33 0.7849999999999999 0.21333333333333332 0.039999999999999925 0.12
44 0.16562500000000008 0.20833333333333337 0.03874999999999995 0.1233333333333333
26 0.58375 0.21333333333333332 0.04249999999999998 0.1233333333333334
