7 0.769375 0.6941666666666667 0.10014052626184865 0.12166666666666667
42 0.798125 0.3466666666666667 0.09569646022711602 0.11666666666666667
4 0.36875 0.6958333333333333 0.1006618721264412 0.12166666666666667
37 0.315625 0.5083333333333333 0.10128085949477324 0.12333333333333334
5 0.5925 0.3358333333333333 0.09507398434903208 0.115
2 0.38375 0.33 0.09290452088031023 0.11333333333333333
42 0.93 0.15916666666666668 0.09734763736218768 0.11833333333333333
11 0.19125 0.3358333333333333 0.10293353438020089 0.125
37 0.1775 0.6866666666666666 0.10179636535751166 0.12333333333333334
5 0.7275 0.15416666666666667 0.09840128302009075 0.11833333333333333
4 0.51 0.5158333333333334 0.1006618721264412 0.11833333333333333
47 0.700625 0.52 0.10259903751985201 0.12666666666666668
2 0.521875 0.14583333333333334 0.09560661587986471 0.115
47 0.5675 0.6983333333333334 0.10179636535751166 0.12333333333333334
11 0.328125 0.15916666666666668 0.10678541567086772 0.12833333333333333
7 0.906875 0.5166666666666667 0.10128085949477324 0.12333333333333334
