12 0.21375 0.6366666666666667 0.10179636535751166 0.12333333333333334
24 0.41625 0.6225 0.10192675065948094 0.125
46 0.42125 0.2891666666666667 0.09840128302009075 0.11833333333333333
34 0.60375 0.6283333333333333 0.09620940702446928 0.11666666666666667
14 0.9375 0.4575 0.09963213587994588 0.12166666666666667
12 0.35375 0.45416666666666666 0.10293353438020089 0.125
43 0.61125 0.2991666666666667 0.10097184013377195 0.125
15 0.359375 0.11416666666666667 0.10051430246487313 0.125
6 0.936875 0.1125 0.09228014412645874 0.11166666666666666
46 0.555625 0.09916666666666667 0.09560661587986471 0.115
14 0.79625 0.6425 0.09734763736218768 0.11833333333333333
15 0.2275 0.2941666666666667 0.09963213587994588 0.12166666666666667
43 0.7425 0.1175 0.10423081358216484 0.12833333333333333
34 0.741875 0.4425 0.09455487824538722 0.115
6 0.80875 0.30666666666666664 0.0906228448019593 0.11
24 0.55375 0.4375 0.09734763736218768 0.11833333333333333
