7 0.769375 0.6941666666666668 0.04125000000000001 0.1216666666666667
42 0.798125 0.3466666666666667 0.03874999999999995 0.1166666666666667
4 0.36875 0.6958333333333333 0.04249999999999998 0.1216666666666667
37 0.315625 0.5083333333333333 0.04125000000000001 0.1233333333333333
5 0.5925 0.3358333333333333 0.040000000000000036 0.11499999999999999
2 0.38375 0.33000000000000007 0.03749999999999998 0.11333333333333329
42 0.93 0.15916666666666662 0.040000000000000036 0.11833333333333329
11 0.19125000000000003 0.3358333333333333 0.04250000000000001 0.125
37 0.1775 0.6866666666666666 0.04250000000000001 0.1233333333333333
5 0.7275 0.15416666666666667 0.04249999999999998 0.1183333333333334
4 0.51 0.5158333333333334 0.04750000000000004 0.11833333333333329
47 0.700625 0.52 0.03874999999999995 0.1266666666666667
2 0.521875 0.14583333333333337 0.04125000000000001 0.11499999999999999
47 0.5675 0.6983333333333334 0.04249999999999998 0.1233333333333333
11 0.328125 0.15916666666666668 0.04625000000000001 0.1283333333333334
7 0.906875 0.5166666666666667 0.04125000000000001 0.1233333333333333
