23 0.5687499999999999 0.020000000000000018 0.0675 0.040000000000000036
10 0.01875 0.018333333333333313 0.0375 0.036666666666666625
13 0.385625 0.7491666666666666 0.058750000000000024 0.1316666666666666
41 0.54 0.9641666666666666 0.0625 0.07166666666666666
10 0.1475 0.16749999999999993 0.05249999999999999 0.1216666666666667
19 0.88625 0.17500000000000004 0.04749999999999999 0.1266666666666667
21 0.489375 0.5033333333333333 0.07125000000000004 0.14666666666666672
50 0.154375 0.5675 0.061249999999999985 0.125
51 0.348125 0.2700000000000001 0.06624999999999998 0.14
41 0.4412499999999999 0.7825 0.05499999999999999 0.125
31 0.8531249999999999 0.3866666666666667 0.05874999999999997 0.1333333333333333
50 0.0825 0.325 0.065 0.12
36 0.6937500000000001 0.8483333333333334 0.05500000000000005 0.1233333333333334
51 0.2375 0.0625 0.05500000000000002 0.125
21 0.670625 0.5983333333333334 0.07374999999999998 0.14
13 0.218125 0.6316666666666667 0.06125 0.1266666666666667
1 0.85625 0.5283333333333333 0.0625 0.1266666666666667
1 0.939375 0.7583333333333333 0.06125000000000003 0.13
