33 0.41500000000000004 0.6966666666666668 0.0625 0.14
38 0.30625 0.26666666666666666 0.0625 0.12333333333333332
9 0.32499999999999996 0.024166666666666666 0.07250000000000001 0.04833333333333333
0 0.575625 0.735 0.04874999999999996 0.1266666666666667
38 0.24124999999999996 0.045 0.06499999999999995 0.09
9 0.46875000000000006 0.14416666666666667 0.04749999999999999 0.11833333333333332
16 0.06624999999999998 0.5033333333333333 0.06500000000000006 0.1266666666666667
44 0.5137499999999999 0.24333333333333335 0.04749999999999999 0.12333333333333332
2 0.7825 0.6058333333333333 0.05500000000000005 0.125
42 0.545 0.6391666666666667 0.050000000000000044 0.11833333333333329
3 0.94875 0.5016666666666667 0.05249999999999999 0.12999999999999995
0 0.681875 0.9425 0.05125000000000002 0.11499999999999999
2 0.61625 0.45666666666666667 0.057499999999999996 0.1266666666666667
26 0.285625 0.9316666666666666 0.07125000000000004 0.1333333333333333
42 0.4337499999999999 0.4291666666666667 0.04500000000000004 0.11833333333333335
14 0.21437499999999998 0.4575000000000001 0.06125000000000003 0.1316666666666667
29 0.699375 0.21416666666666667 0.04125000000000001 0.11166666666666669
29 0.571875 0.04666666666666667 0.0462499999999999 0.09333333333333334
16 0.14125000000000004 0.735 0.057499999999999996 0.1333333333333333
3 0.791875 0.3491666666666667 0.053749999999999964 0.1283333333333333
14 0.116875 0.23333333333333334 0.05874999999999997 0.13
33 0.478125 0.9375 0.06624999999999992 0.125
