45 0.5406250000000001 0.7 0.07625000000000004 0.1333333333333333
7 0.746875 0.6799999999999999 0.06125000000000003 0.1333333333333333
32 0.42499999999999993 0.8683333333333333 0.05499999999999999 0.1266666666666667
32 0.333125 0.6475 0.05625000000000002 0.1216666666666667
18 0.626875 0.5183333333333333 0.053749999999999964 0.1266666666666667
30 0.734375 0.37250000000000005 0.04874999999999996 0.11499999999999999
5 0.11124999999999999 0.48 0.06499999999999999 0.1266666666666667
4 0.576875 0.07833333333333337 0.06374999999999997 0.1333333333333333
45 0.596875 0.9366666666666666 0.06874999999999998 0.1266666666666667
18 0.49312500000000004 0.3291666666666667 0.05375000000000002 0.125
47 0.76125 0.09249999999999997 0.05500000000000005 0.1316666666666667
4 0.6681250000000001 0.3075 0.05625000000000002 0.125
5 0.27812500000000007 0.6125 0.06375000000000003 0.1316666666666667
27 0.295625 0.31666666666666665 0.06374999999999997 0.1333333333333333
47 0.90875 0.2558333333333334 0.050000000000000044 0.1383333333333333
27 0.43 0.5 0.0625 0.1333333333333333
7 0.820625 0.9091666666666667 0.06374999999999997 0.1316666666666667
30 0.85375 0.5725 0.05249999999999999 0.11833333333333329
