7 0.23062499999999997 0.6941666666666668 0.04125000000000001 0.1216666666666667
42 0.20187500000000008 0.3466666666666667 0.03874999999999995 0.1166666666666667
4 0.63125 0.6958333333333333 0.04249999999999998 0.1216666666666667
37 0.6843750000000001 0.5083333333333333 0.04125000000000001 0.1233333333333333
5 0.4075 0.3358333333333333 0.040000000000000036 0.11499999999999999
2 0.61625 0.33000000000000007 0.03749999999999998 0.11333333333333334
42 0.06999999999999995 0.15916666666666668 0.040000000000000036 0.11833333333333332
11 0.80875 0.3358333333333333 0.04249999999999998 0.125
37 0.8225 0.6866666666666666 0.04249999999999998 0.1233333333333333
5 0.27249999999999996 0.15416666666666667 0.04249999999999998 0.11833333333333332
4 0.48999999999999994 0.5158333333333334 0.04749999999999999 0.11833333333333335
47 0.299375 0.52 0.03874999999999995 0.1266666666666667
2 0.478125 0.14583333333333337 0.04125000000000001 0.11500000000000002
47 0.4325 0.6983333333333334 0.04249999999999998 0.1233333333333333
11 0.671875 0.15916666666666668 0.046250000000000124 0.1283333333333333
7 0.09312500000000001 0.5166666666666667 0.04125000000000001 0.1233333333333333
