7 0.769375 0.30583333333333323 0.04125000000000001 0.1216666666666667
42 0.798125 0.6533333333333333 0.03874999999999995 0.1166666666666667
4 0.36875 0.30416666666666664 0.04249999999999998 0.1216666666666667
37 0.31562499999999993 0.4916666666666667 0.04125000000000001 0.1233333333333333
5 0.5925 0.6641666666666667 0.040000000000000036 0.11499999999999999
2 0.38375 0.6699999999999999 0.03749999999999998 0.11333333333333329
42 0.93 0.8408333333333333 0.040000000000000036 0.11833333333333329
11 0.19125000000000003 0.6641666666666667 0.04249999999999998 0.125
37 0.1775 0.31333333333333335 0.04249999999999998 0.1233333333333333
5 0.7275 0.8458333333333333 0.04249999999999998 0.1183333333333334
4 0.51 0.4841666666666666 0.04749999999999999 0.11833333333333329
47 0.700625 0.48 0.03874999999999995 0.1266666666666667
2 0.521875 0.8541666666666666 0.04125000000000001 0.11499999999999999
47 0.5675 0.30166666666666664 0.04249999999999998 0.1233333333333333
11 0.328125 0.8408333333333333 0.046250000000000124 0.1283333333333334
7 0.906875 0.4833333333333333 0.04125000000000001 0.1233333333333333
