40 0.586875 0.66 0.10028864591767105 0.12333333333333334
13 0.15875 0.6858333333333333 0.09734763736218768 0.11833333333333333
28 0.700625 0.1225 0.10014052626184865 0.12166666666666667
21 0.786875 0.6941666666666667 0.10014052626184865 0.12166666666666667
10 0.161875 0.3125 0.0967115556694235 0.115
28 0.56875 0.30666666666666664 0.09620940702446928 0.11666666666666667
51 0.78125 0.30333333333333334 0.09848857801796104 0.12
23 0.498125 0.11583333333333333 0.10242375212810748 0.125
23 0.368125 0.3025 0.09786789565531691 0.11833333333333333
10 0.3025 0.1225 0.09615254806816093 0.115
40 0.708125 0.46 0.09900284086833064 0.12
13 0.2825 0.48333333333333334 0.10077822185373186 0.12333333333333334
50 0.37125 0.6616666666666666 0.09503288904374106 0.11333333333333333
51 0.90875 0.1225 0.10192675065948094 0.125
21 0.918125 0.5033333333333333 0.09900284086833064 0.12
50 0.491875 0.455 0.09569646022711602 0.11666666666666667
